57658.7 -13932.1 -1.58752
57659.2 -13931.1 -1.65951
57660 -13929.3 -1.76962
57660 -13929.3 -1.76962
57658.2 -13928.7 -1.62142
57657.7 -13928.5 -1.57859
57655.4 -13927.9 -1.8973
57658.7 -13932.1 -1.58752
57651.8 -13946.4 -0.822764
57648.2 -13954 -0.418371
57645.8 -13959.1 -0.12149
57654.1 -13963.5 0.025314
57654.5 -13962.7 -0.00278
57664.3 -13941.6 -1.10161
57666.9 -13936.1 -1.55185
57645.8 -13959.1 -0.12149
57648.2 -13954 -0.418371
57651.8 -13946.4 -0.822764
57658.7 -13932.1 -1.58752
57658.7 -13932.1 -1.58752
57659.2 -13931.1 -1.65951
57660 -13929.3 -1.76962
57660 -13929.3 -1.76962
57658.2 -13928.7 -1.62142
57657.7 -13928.5 -1.57859
57655.4 -13927.9 -1.8973
57658.7 -13932.1 -1.58752
57651.8 -13946.4 -0.822764
57648.2 -13954 -0.418371
57645.8 -13959.1 -0.12149
57654.1 -13963.5 0.025314
57654.5 -13962.7 -0.00278
57664.3 -13941.6 -1.10161
57666.9 -13936.1 -1.55185
57645.8 -13959.1 -0.12149
57648.2 -13954 -0.418371
57651.8 -13946.4 -0.822764
57658.7 -13932.1 -1.58752
57658.7 -13932.1 -1.58752
57659.2 -13931.1 -1.65951
57660 -13929.3 -1.76962
57660 -13929.3 -1.76962
57658.2 -13928.7 -1.62142
57657.7 -13928.5 -1.57859
57655.4 -13927.9 -1.8973
57658.7 -13932.1 -1.58752
57651.8 -13946.4 -0.822764
57648.2 -13954 -0.418371
57645.8 -13959.1 -0.12149
57654.1 -13963.5 0.025314
57654.5 -13962.7 -0.00278
57664.3 -13941.6 -1.10161
57666.9 -13936.1 -1.55185
57645.8 -13959.1 -0.12149
57648.2 -13954 -0.418371
57651.8 -13946.4 -0.822764
57658.7 -13932.1 -1.58752
57658.7 -13932.1 -1.58752
57659.2 -13931.1 -1.65951
57660 -13929.3 -1.76962
57660 -13929.3 -1.76962
57658.2 -13928.7 -1.62142
57657.7 -13928.5 -1.57859
57655.4 -13927.9 -1.8973
57658.7 -13932.1 -1.58752
57651.8 -13946.4 -0.822764
57648.2 -13954 -0.418371
57645.8 -13959.1 -0.12149
57654.1 -13963.5 0.025314
57654.5 -13962.7 -0.00278
57664.3 -13941.6 -1.10161
57666.9 -13936.1 -1.55185
57645.8 -13959.1 -0.12149
57648.2 -13954 -0.418371
57651.8 -13946.4 -0.822764
57658.7 -13932.1 -1.58752
57658.7 -13932.1 -1.58752
57659.2 -13931.1 -1.65951
57660 -13929.3 -1.76962
57660 -13929.3 -1.76962
57658.2 -13928.7 -1.62142
57657.7 -13928.5 -1.57859
57655.4 -13927.9 -1.8973
57658.7 -13932.1 -1.58752
57651.8 -13946.4 -0.822764
57648.2 -13954 -0.418371
57645.8 -13959.1 -0.12149
57654.1 -13963.5 0.025314
57654.5 -13962.7 -0.00278
57664.3 -13941.6 -1.10161
57666.9 -13936.1 -1.55185
57645.8 -13959.1 -0.12149
57648.2 -13954 -0.418371
57651.8 -13946.4 -0.822764
57658.7 -13932.1 -1.58752
57658.7 -13932.1 -1.58752
57659.2 -13931.1 -1.65951
57660 -13929.3 -1.76962
57660 -13929.3 -1.76962
57658.2 -13928.7 -1.62142
57657.7 -13928.5 -1.57859
57655.4 -13927.9 -1.8973
57658.7 -13932.1 -1.58752
57651.8 -13946.4 -0.822764
57648.2 -13954 -0.418371
57645.8 -13959.1 -0.12149
57654.1 -13963.5 0.025314
57654.5 -13962.7 -0.00278
57664.3 -13941.6 -1.10161
57666.9 -13936.1 -1.55185
57645.8 -13959.1 -0.12149
57648.2 -13954 -0.418371
57651.8 -13946.4 -0.822764
57658.7 -13932.1 -1.58752
57658.7 -13932.1 -1.58752
57659.2 -13931.1 -1.65951
57660 -13929.3 -1.76962
57660 -13929.3 -1.76962
57658.2 -13928.7 -1.62142
57657.7 -13928.5 -1.57859
57655.4 -13927.9 -1.8973
57658.7 -13932.1 -1.58752
57651.8 -13946.4 -0.822764
57648.2 -13954 -0.418371
57645.8 -13959.1 -0.12149
57654.1 -13963.5 0.025314
57654.5 -13962.7 -0.00278
57664.3 -13941.6 -1.10161
57666.9 -13936.1 -1.55185
57645.8 -13959.1 -0.12149
57648.2 -13954 -0.418371
57651.8 -13946.4 -0.822764
57658.7 -13932.1 -1.58752
57658.7 -13932.1 -1.58752
57659.2 -13931.1 -1.65951
57660 -13929.3 -1.76962
57660 -13929.3 -1.76962
57658.2 -13928.7 -1.62142
57657.7 -13928.5 -1.57859
57655.4 -13927.9 -1.8973
57658.7 -13932.1 -1.58752
57651.8 -13946.4 -0.822764
57648.2 -13954 -0.418371
57645.8 -13959.1 -0.12149
57654.1 -13963.5 0.025314
57654.5 -13962.7 -0.00278
57664.3 -13941.6 -1.10161
57666.9 -13936.1 -1.55185
57645.8 -13959.1 -0.12149
57648.2 -13954 -0.418371
57651.8 -13946.4 -0.822764
57658.7 -13932.1 -1.58752
57658.7 -13932.1 -1.58752
57659.2 -13931.1 -1.65951
57660 -13929.3 -1.76962
57660 -13929.3 -1.76962
57658.2 -13928.7 -1.62142
57657.7 -13928.5 -1.57859
57655.4 -13927.9 -1.8973
57658.7 -13932.1 -1.58752
57651.8 -13946.4 -0.822764
57648.2 -13954 -0.418371
57645.8 -13959.1 -0.12149
57654.1 -13963.5 0.025314
57654.5 -13962.7 -0.00278
57664.3 -13941.6 -1.10161
57666.9 -13936.1 -1.55185
57645.8 -13959.1 -0.12149
57648.2 -13954 -0.418371
57651.8 -13946.4 -0.822764
57658.7 -13932.1 -1.58752
57658.7 -13932.1 -1.58752
57659.2 -13931.1 -1.65951
57660 -13929.3 -1.76962
57660 -13929.3 -1.76962
57658.2 -13928.7 -1.62142
57657.7 -13928.5 -1.57859
57655.4 -13927.9 -1.8973
57658.7 -13932.1 -1.58752
57651.8 -13946.4 -0.822764
57648.2 -13954 -0.418371
57645.8 -13959.1 -0.12149
57654.1 -13963.5 0.025314
57654.5 -13962.7 -0.00278
57664.3 -13941.6 -1.10161
57666.9 -13936.1 -1.55185
57645.8 -13959.1 -0.12149
57648.2 -13954 -0.418371
57651.8 -13946.4 -0.822764
57658.7 -13932.1 -1.58752
57658.7 -13932.1 -1.58752
57659.2 -13931.1 -1.65951
57660 -13929.3 -1.76962
57660 -13929.3 -1.76962
57658.2 -13928.7 -1.62142
57657.7 -13928.5 -1.57859
57655.4 -13927.9 -1.8973
57658.7 -13932.1 -1.58752
57651.8 -13946.4 -0.822764
57648.2 -13954 -0.418371
57645.8 -13959.1 -0.12149
57654.1 -13963.5 0.025314
57654.5 -13962.7 -0.00278
57664.3 -13941.6 -1.10161
57666.9 -13936.1 -1.55185
57645.8 -13959.1 -0.12149
57648.2 -13954 -0.418371
57651.8 -13946.4 -0.822764
57658.7 -13932.1 -1.58752
57658.7 -13932.1 -1.58752
57659.2 -13931.1 -1.65951
57660 -13929.3 -1.76962
57660 -13929.3 -1.76962
57658.2 -13928.7 -1.62142
57657.7 -13928.5 -1.57859
57655.4 -13927.9 -1.8973
57658.7 -13932.1 -1.58752
57651.8 -13946.4 -0.822764
57648.2 -13954 -0.418371
57645.8 -13959.1 -0.12149
57654.1 -13963.5 0.025314
57654.5 -13962.7 -0.00278
57664.3 -13941.6 -1.10161
57666.9 -13936.1 -1.55185
57645.8 -13959.1 -0.12149
57648.2 -13954 -0.418371
57651.8 -13946.4 -0.822764
57658.7 -13932.1 -1.58752
57658.7 -13932.1 -1.58752
57659.2 -13931.1 -1.65951
57660 -13929.3 -1.76962
57660 -13929.3 -1.76962
57658.2 -13928.7 -1.62142
57657.7 -13928.5 -1.57859
57655.4 -13927.9 -1.8973
57658.7 -13932.1 -1.58752
57651.8 -13946.4 -0.822764
57648.2 -13954 -0.418371
57645.8 -13959.1 -0.12149
57654.1 -13963.5 0.025314
57654.5 -13962.7 -0.00278
57664.3 -13941.6 -1.10161
57666.9 -13936.1 -1.55185
57645.8 -13959.1 -0.12149
57648.2 -13954 -0.418371
57651.8 -13946.4 -0.822764
57658.7 -13932.1 -1.58752
57658.7 -13932.1 -1.58752
57659.2 -13931.1 -1.65951
57660 -13929.3 -1.76962
57660 -13929.3 -1.76962
57658.2 -13928.7 -1.62142
57657.7 -13928.5 -1.57859
57655.4 -13927.9 -1.8973
57658.7 -13932.1 -1.58752
57651.8 -13946.4 -0.822764
57648.2 -13954 -0.418371
57645.8 -13959.1 -0.12149
57654.1 -13963.5 0.025314
57654.5 -13962.7 -0.00278
57664.3 -13941.6 -1.10161
57666.9 -13936.1 -1.55185
57645.8 -13959.1 -0.12149
57648.2 -13954 -0.418371
57651.8 -13946.4 -0.822764
57658.7 -13932.1 -1.58752
57658.7 -13932.1 -1.58752
57659.2 -13931.1 -1.65951
57660 -13929.3 -1.76962
57660 -13929.3 -1.76962
57658.2 -13928.7 -1.62142
57657.7 -13928.5 -1.57859
57655.4 -13927.9 -1.8973
57658.7 -13932.1 -1.58752
57651.8 -13946.4 -0.822764
57648.2 -13954 -0.418371
57645.8 -13959.1 -0.12149
57654.1 -13963.5 0.025314
57654.5 -13962.7 -0.00278
57664.3 -13941.6 -1.10161
57666.9 -13936.1 -1.55185
57645.8 -13959.1 -0.12149
57648.2 -13954 -0.418371
57651.8 -13946.4 -0.822764
57658.7 -13932.1 -1.58752
