57656 -13930.9 -1.46009
57655.9 -13930.7 -1.47168
57655.9 -13930.7 -1.47168
57655.7 -13929.3 -1.82207
57655.4 -13927.9 -1.8973
57661.9 -13933.7 -1.5688
57657 -13943.9 -1.02399
57649.7 -13961 -0.035298
57649.7 -13961 -0.035298
57657 -13943.9 -1.02399
57661.9 -13933.7 -1.5688
57643.5 -13958 0.093314
57654.5 -13935.5 -1.19404
57656 -13930.9 -1.46009
57656 -13930.9 -1.46009
57655.9 -13930.7 -1.47168
57655.9 -13930.7 -1.47168
57655.7 -13929.3 -1.82207
57655.4 -13927.9 -1.8973
57661.9 -13933.7 -1.5688
57657 -13943.9 -1.02399
57649.7 -13961 -0.035298
57649.7 -13961 -0.035298
57657 -13943.9 -1.02399
57661.9 -13933.7 -1.5688
57643.5 -13958 0.093314
57654.5 -13935.5 -1.19404
57656 -13930.9 -1.46009
57656 -13930.9 -1.46009
57655.9 -13930.7 -1.47168
57655.9 -13930.7 -1.47168
57655.7 -13929.3 -1.82207
57655.4 -13927.9 -1.8973
57661.9 -13933.7 -1.5688
57657 -13943.9 -1.02399
57649.7 -13961 -0.035298
57649.7 -13961 -0.035298
57657 -13943.9 -1.02399
57661.9 -13933.7 -1.5688
57643.5 -13958 0.093314
57654.5 -13935.5 -1.19404
57656 -13930.9 -1.46009
57656 -13930.9 -1.46009
57655.9 -13930.7 -1.47168
57655.9 -13930.7 -1.47168
57655.7 -13929.3 -1.82207
57655.4 -13927.9 -1.8973
57661.9 -13933.7 -1.5688
57657 -13943.9 -1.02399
57649.7 -13961 -0.035298
57649.7 -13961 -0.035298
57657 -13943.9 -1.02399
57661.9 -13933.7 -1.5688
57643.5 -13958 0.093314
57654.5 -13935.5 -1.19404
57656 -13930.9 -1.46009
57656 -13930.9 -1.46009
57655.9 -13930.7 -1.47168
57655.9 -13930.7 -1.47168
57655.7 -13929.3 -1.82207
57655.4 -13927.9 -1.8973
57661.9 -13933.7 -1.5688
57657 -13943.9 -1.02399
57649.7 -13961 -0.035298
57649.7 -13961 -0.035298
57657 -13943.9 -1.02399
57661.9 -13933.7 -1.5688
57643.5 -13958 0.093314
57654.5 -13935.5 -1.19404
57656 -13930.9 -1.46009
57656 -13930.9 -1.46009
57655.9 -13930.7 -1.47168
57655.9 -13930.7 -1.47168
57655.7 -13929.3 -1.82207
57655.4 -13927.9 -1.8973
57661.9 -13933.7 -1.5688
57657 -13943.9 -1.02399
57649.7 -13961 -0.035298
57649.7 -13961 -0.035298
57657 -13943.9 -1.02399
57661.9 -13933.7 -1.5688
57643.5 -13958 0.093314
57654.5 -13935.5 -1.19404
57656 -13930.9 -1.46009
57656 -13930.9 -1.46009
57655.9 -13930.7 -1.47168
57655.9 -13930.7 -1.47168
57655.7 -13929.3 -1.82207
57655.4 -13927.9 -1.8973
57661.9 -13933.7 -1.5688
57657 -13943.9 -1.02399
57649.7 -13961 -0.035298
57649.7 -13961 -0.035298
57657 -13943.9 -1.02399
57661.9 -13933.7 -1.5688
57643.5 -13958 0.093314
57654.5 -13935.5 -1.19404
57656 -13930.9 -1.46009
57656 -13930.9 -1.46009
57655.9 -13930.7 -1.47168
57655.9 -13930.7 -1.47168
57655.7 -13929.3 -1.82207
57655.4 -13927.9 -1.8973
57661.9 -13933.7 -1.5688
57657 -13943.9 -1.02399
57649.7 -13961 -0.035298
57649.7 -13961 -0.035298
57657 -13943.9 -1.02399
57661.9 -13933.7 -1.5688
57643.5 -13958 0.093314
57654.5 -13935.5 -1.19404
57656 -13930.9 -1.46009
57656 -13930.9 -1.46009
57655.9 -13930.7 -1.47168
57655.9 -13930.7 -1.47168
57655.7 -13929.3 -1.82207
57655.4 -13927.9 -1.8973
57661.9 -13933.7 -1.5688
57657 -13943.9 -1.02399
57649.7 -13961 -0.035298
57649.7 -13961 -0.035298
57657 -13943.9 -1.02399
57661.9 -13933.7 -1.5688
57643.5 -13958 0.093314
57654.5 -13935.5 -1.19404
57656 -13930.9 -1.46009
57656 -13930.9 -1.46009
57655.9 -13930.7 -1.47168
57655.9 -13930.7 -1.47168
57655.7 -13929.3 -1.82207
57655.4 -13927.9 -1.8973
57661.9 -13933.7 -1.5688
57657 -13943.9 -1.02399
57649.7 -13961 -0.035298
57649.7 -13961 -0.035298
57657 -13943.9 -1.02399
57661.9 -13933.7 -1.5688
57643.5 -13958 0.093314
57654.5 -13935.5 -1.19404
57656 -13930.9 -1.46009
57656 -13930.9 -1.46009
57655.9 -13930.7 -1.47168
57655.9 -13930.7 -1.47168
57655.7 -13929.3 -1.82207
57655.4 -13927.9 -1.8973
57661.9 -13933.7 -1.5688
57657 -13943.9 -1.02399
57649.7 -13961 -0.035298
57649.7 -13961 -0.035298
57657 -13943.9 -1.02399
57661.9 -13933.7 -1.5688
57643.5 -13958 0.093314
57654.5 -13935.5 -1.19404
57656 -13930.9 -1.46009
57656 -13930.9 -1.46009
57655.9 -13930.7 -1.47168
57655.9 -13930.7 -1.47168
57655.7 -13929.3 -1.82207
57655.4 -13927.9 -1.8973
57661.9 -13933.7 -1.5688
57657 -13943.9 -1.02399
57649.7 -13961 -0.035298
57649.7 -13961 -0.035298
57657 -13943.9 -1.02399
57661.9 -13933.7 -1.5688
57643.5 -13958 0.093314
57654.5 -13935.5 -1.19404
57656 -13930.9 -1.46009
57656 -13930.9 -1.46009
57655.9 -13930.7 -1.47168
57655.9 -13930.7 -1.47168
57655.7 -13929.3 -1.82207
57655.4 -13927.9 -1.8973
57661.9 -13933.7 -1.5688
57657 -13943.9 -1.02399
57649.7 -13961 -0.035298
57649.7 -13961 -0.035298
57657 -13943.9 -1.02399
57661.9 -13933.7 -1.5688
57643.5 -13958 0.093314
57654.5 -13935.5 -1.19404
57656 -13930.9 -1.46009
57656 -13930.9 -1.46009
57655.9 -13930.7 -1.47168
57655.9 -13930.7 -1.47168
57655.7 -13929.3 -1.82207
57655.4 -13927.9 -1.8973
57661.9 -13933.7 -1.5688
57657 -13943.9 -1.02399
57649.7 -13961 -0.035298
57649.7 -13961 -0.035298
57657 -13943.9 -1.02399
57661.9 -13933.7 -1.5688
57643.5 -13958 0.093314
57654.5 -13935.5 -1.19404
57656 -13930.9 -1.46009
57656 -13930.9 -1.46009
57655.9 -13930.7 -1.47168
57655.9 -13930.7 -1.47168
57655.7 -13929.3 -1.82207
57655.4 -13927.9 -1.8973
57661.9 -13933.7 -1.5688
57657 -13943.9 -1.02399
57649.7 -13961 -0.035298
57649.7 -13961 -0.035298
57657 -13943.9 -1.02399
57661.9 -13933.7 -1.5688
57643.5 -13958 0.093314
57654.5 -13935.5 -1.19404
57656 -13930.9 -1.46009
